[0m[38;2;22;22;22m████████████████████████████████████████████████████████████[0m
[38;2;22;22;22m████████████████████████████████████████████████████████████[0m
[38;2;22;22;22m█████████████████████████[38;2;62;62;62;48;2;22;22;22m▁[38;2;88;88;88;48;2;23;23;23m▂[38;2;71;71;71m▃[38;2;21;21;21;48;2;60;60;60m▀[38;2;22;22;22;48;2;58;58;58m▀[48;2;56;56;56m▀[48;2;53;53;53m▀[38;2;58;58;58;48;2;21;21;21m▃[38;2;79;79;79;48;2;24;24;24m▁[0m[38;2;22;22;22m██████████████████████████[0m
[38;2;22;22;22m██████████████████████[38;2;44;44;44;48;2;22;22;22m▁[38;2;25;25;25;48;2;68;68;68m▀[38;2;32;32;32;48;2;61;61;61m▃[38;2;33;33;33;48;2;84;84;84m▆[38;2;43;43;43;48;2;31;31;31m▔[0m[38;2;32;32;32m██████[38;2;53;53;53;48;2;31;31;31m▔[38;2;32;32;32;48;2;59;59;59m▅[38;2;30;30;30;48;2;51;51;51m▞[38;2;57;57;57;48;2;26;26;26m▁[0m[38;2;22;22;22m███████████████████████[0m
[38;2;22;22;22m█████████████████████[38;2;58;58;58;48;2;33;33;33m▁[38;2;65;65;65;48;2;39;39;39m▀[38;2;39;39;39;48;2;31;31;31m▔[0m[38;2;32;32;32m██[38;2;31;31;31;48;2;32;32;32m▁[38;2;146;146;146;48;2;53;53;53m▁[38;2;200;200;200;48;2;32;32;32m▃[38;2;40;40;40;48;2;31;31;31m▁[0m[38;2;32;32;32m██████[38;2;56;56;56;48;2;38;38;38m▔[38;2;60;60;60;48;2;33;33;33m▖[0m[38;2;22;22;22m██████████████████████[0m
[38;2;22;22;22m████████████████████[38;2;45;45;45;48;2;22;22;22m▕[38;2;38;38;38;48;2;69;69;69m▐[0m[38;2;32;32;32m██[38;2;26;26;26;48;2;31;31;31m▁[0m[38;2;32;32;32m█[38;2;171;171;171;48;2;39;39;39m▗[38;2;12;12;12;48;2;201;201;201m▏[38;2;219;219;219;48;2;214;214;214m▕[38;2;200;200;200;48;2;67;67;67m▏[38;2;28;28;28;48;2;31;31;31m▁[38;2;95;95;95;48;2;45;45;45m▁[38;2;27;27;27;48;2;31;31;31m▏[38;2;26;26;26m▁[38;2;95;95;95;48;2;38;38;38m▁[0m[38;2;32;32;32m██[38;2;65;65;65;48;2;38;38;38m▕[38;2;71;71;71;48;2;26;26;26m▏[0m[38;2;22;22;22m█████████████████████[0m
[38;2;22;22;22m████████████████████[48;2;99;99;99m▊[38;2;70;70;70;48;2;31;31;31m▏[0m[38;2;32;32;32m█[38;2;38;38;38;48;2;30;30;30m▁[38;2;63;63;63;48;2;159;159;159m▀[38;2;156;156;156;48;2;70;70;70m▅[38;2;120;120;120;48;2;172;172;172m▆[38;2;123;123;123;48;2;186;186;186m▅[38;2;199;199;199;48;2;211;211;211m▏[38;2;131;131;131m▔[38;2;81;81;81;48;2;213;213;213m▔[38;2;132;132;132;48;2;162;162;162m▅[38;2;92;92;92;48;2;148;148;148m▀[38;2;153;153;153;48;2;61;61;61m▅[38;2;49;49;49;48;2;168;168;168m▝[38;2;161;161;161;48;2;42;42;42m▖[0m[38;2;32;32;32m█[38;2;29;29;29;48;2;31;31;31m▕[38;2;80;80;80;48;2;21;21;21m▍[0m[38;2;22;22;22m█████████████████████[0m
[38;2;22;22;22m████████████████████[38;2;78;78;78;48;2;25;25;25m▕[38;2;81;81;81;48;2;34;34;34m▎[38;2;24;24;24;48;2;31;31;31m▕[38;2;50;50;50;48;2;185;185;185m▏[38;2;209;209;209;48;2;118;118;118m▆[38;2;215;215;215;48;2;130;130;130m▃[38;2;105;105;105;48;2;204;204;204m▀[38;2;211;211;211;48;2;213;213;213m▔[38;2;235;235;235;48;2;217;217;217m▁[38;2;221;221;221;48;2;214;214;214m▏[0m[38;2;214;214;214m█[38;2;196;196;196;48;2;211;211;211m▕[38;2;214;214;214;48;2;125;125;125m▃[38;2;210;210;210;48;2;121;121;121m▃[38;2;205;205;205;48;2;130;130;130m▆[38;2;216;216;216;48;2;60;60;60m▋[38;2;70;70;70;48;2;35;35;35m▖[38;2;58;58;58;48;2;31;31;31m▂[38;2;80;80;80;48;2;25;25;25m▎[0m[38;2;22;22;22m█████████████████████[0m
[38;2;22;22;22m█████████████████████[38;2;30;30;30;48;2;61;61;61m▞[38;2;141;141;141;48;2;41;41;41m▅[38;2;92;92;92;48;2;208;208;208m▎[0m[38;2;214;214;214m████[38;2;240;240;240;48;2;213;213;213m▝[38;2;223;223;223;48;2;210;210;210m▔[38;2;201;201;201;48;2;214;214;214m▏[0m[38;2;214;214;214m████[38;2;216;216;216;48;2;46;46;46m▋[38;2;54;54;54;48;2;111;111;111m▋[38;2;98;98;98;48;2;51;51;51m▏[38;2;23;23;23;48;2;22;22;22m▔[0m[38;2;22;22;22m█████████████████████[0m
[38;2;22;22;22m█████████████████████[38;2;54;54;54;48;2;28;28;28m▔[38;2;50;50;50;48;2;141;141;141m▆[38;2;30;30;30;48;2;191;191;191m▅[38;2;62;62;62;48;2;214;214;214m▖[38;2;241;241;241;48;2;217;217;217m▁[38;2;213;213;213;48;2;214;214;214m▁[0m[38;2;214;214;214m█[38;2;203;203;203;48;2;213;213;213m▕[38;2;195;195;195;48;2;214;214;214m▀[38;2;204;204;204;48;2;212;212;212m▏[0m[38;2;214;214;214m███[38;2;81;81;81;48;2;205;205;205m▗[38;2;178;178;178;48;2;33;33;33m▘[38;2;78;78;78;48;2;34;34;34m▐[38;2;33;33;33;48;2;49;49;49m▆[0m[38;2;22;22;22m██████████████████████[0m
[38;2;22;22;22m██████████████████████[38;2;44;44;44;48;2;26;26;26m▕[38;2;49;49;49m▀[38;2;29;29;29;48;2;31;31;31m▁[38;2;37;37;37;48;2;178;178;178m▆[38;2;222;222;222;48;2;56;56;56m▀[38;2;206;206;206;48;2;212;212;212m▗[38;2;176;176;176;48;2;215;215;215m▁[38;2;219;219;219;48;2;214;214;214m▁[38;2;187;187;187m▁[38;2;178;178;178;48;2;207;207;207m▁[38;2;43;43;43m▗[38;2;45;45;45;48;2;186;186;186m▆[38;2;35;35;35;48;2;31;31;31m▏[38;2;31;31;31;48;2;28;28;28m▐[38;2;63;63;63;48;2;43;43;43m▖[38;2;35;35;35;48;2;23;23;23m▏[0m[38;2;22;22;22m██████████████████████[0m
[38;2;22;22;22m████████████████████████[38;2;26;26;26;48;2;22;22;22m▔[38;2;22;22;22;48;2;31;31;31m▆[38;2;36;36;36;48;2;194;194;194m▊[0m[38;2;214;214;214m█[38;2;187;187;187;48;2;214;214;214m▔[38;2;130;130;130m▔[38;2;163;163;163m▔[38;2;215;215;215m▔[38;2;201;201;201;48;2;34;34;34m▋[38;2;31;31;31;48;2;22;22;22m▔[38;2;21;21;21;48;2;30;30;30m▆[38;2;26;26;26;48;2;36;36;36m▍[38;2;58;58;58;48;2;29;29;29m▏[0m[38;2;22;22;22m███████████████████████[0m
[38;2;22;22;22m███████████████████████[38;2;106;106;106;48;2;22;22;22m▁[38;2;221;221;221;48;2;38;38;38m▂[38;2;204;204;204;48;2;39;39;39m▅[38;2;155;155;155;48;2;214;214;214m▔[0m[38;2;214;214;214m█[48;2;202;202;202m▔[38;2;215;215;215;48;2;214;214;214m▏[0m[38;2;214;214;214m███[38;2;208;208;208;48;2;58;58;58m▆[38;2;211;211;211;48;2;34;34;34m▖[38;2;26;26;26;48;2;38;38;38m▕[0m[38;2;22;22;22m████████████████████████[0m
[38;2;22;22;22m██████████████████[38;2;131;131;131;48;2;31;31;31m▁[38;2;226;226;226;48;2;27;27;27m▃[38;2;26;26;26;48;2;213;213;213m▀[38;2;215;215;215;48;2;37;37;37m▅[38;2;79;79;79;48;2;22;22;22m▋[38;2;247;247;247;48;2;180;180;180m▝[38;2;239;239;239;48;2;213;213;213m▀[38;2;207;207;207m▀[38;2;214;214;214;48;2;203;203;203m▔▔[48;2;207;207;207m▔[0m[38;2;214;214;214m█[38;2;203;203;203;48;2;211;211;211m▕[38;2;192;192;192;48;2;201;201;201m▗[38;2;196;196;196;48;2;205;205;205m▎[38;2;219;219;219;48;2;206;206;206m▕[38;2;197;197;197;48;2;47;47;47m▍[38;2;74;74;74;48;2;229;229;229m▘[38;2;217;217;217;48;2;13;13;13m▊[38;2;115;115;115;48;2;32;32;32m▅[38;2;25;25;25;48;2;229;229;229m▀[38;2;231;231;231;48;2;22;22;22m▃[38;2;221;221;221;48;2;23;23;23m▂[38;2;67;67;67;48;2;21;21;21m▁[0m[38;2;22;22;22m██████████████████[0m
[38;2;22;22;22m█████████████████[38;2;53;53;53;48;2;21;21;21m▕[38;2;118;118;118;48;2;242;242;242m▘[38;2;223;223;223;48;2;213;213;213m▏[38;2;213;213;213;48;2;214;214;214m▁▁[38;2;126;126;126;48;2;55;55;55m▊[38;2;12;12;12;48;2;215;215;215m▏[38;2;213;213;213;48;2;214;214;214m▁▁▁▁▁▁▁▁▁[38;2;145;145;145;48;2;210;210;210m▕[38;2;48;48;48;48;2;191;191;191m▘[38;2;213;213;213;48;2;214;214;214m▁[38;2;126;126;126;48;2;213;213;213m▐[38;2;86;86;86;48;2;215;215;215m▋[0m[38;2;213;213;213m█[38;2;218;218;218;48;2;213;213;213m▔[38;2;248;248;248;48;2;218;218;218m▝[38;2;69;69;69;48;2;236;236;236m▝[38;2;33;33;33;48;2;21;21;21m▏[0m[38;2;22;22;22m█████████████████[0m
